1 30 40 1200 5 10 0 1 1 5
1 30 40 1200 5 10 0 3 2 5
1 30 40 1200 5 10 0 5 3 5
1 20 100 2000 20 5 12 15 4 1
1 20 100 2000 20 5 0 9 5 1
1 25 80 2000 5 20 0 11 6 1
1 30 60 1800 10 10 0 13 7 1
1 30 60 1800 10 10 0 15 8 1
1 30 60 1800 10 10 0 17 9 1
1 10 20 200 15 5 0 19 10 20
2 30 40 1200 5 10 19 1 11 5
2 30 40 1200 5 10 19 3 12 5
2 30 40 1200 5 10 19 5 13 5
2 20 100 2000 20 5 19 7 14 1
2 20 100 2000 20 5 19 9 15 1
2 25 80 2000 5 20 19 11 16 1
2 30 60 1800 10 10 19 13 17 1
2 30 60 1800 10 10 19 15 18 1
2 30 60 1800 10 10 19 17 19 1
0 0 0 0 0 0 0 0 0 0
2